15 10
10 24 34 23 463 11 24 32 233 4163
13 543 3 56 2 33 243 3 456 29
555 66 33 5 1 13 643 3 56 121
87 24 57 23 465 23 542 3 56 22
123 546 235 56 767 43 5113 3 56 52
120 234 34 45 463 11 102 92 70 4163
10 214 34 93 403 121 124 322 646 279
55 66 33 5 1 13 643 3 56 23
101 224 334 5 4463 11 24 32 233 4163
12321 5462 2335 564 7657 423 113 3 526 92
555 66 33 5 1 13 643 3 56 121
87 24 57 23 465 23 542 3 56 22
10 214 34 93 403 4463 11 24 32 233 
87 24 57 23 465 243 542 3 56 29
5235 6426 3133 325 12 131 64213 233 5456 253
5






