The beginning cost was: 6.364452
Total number of iterations before arriving at result: 5852
Final results:
 The main matrix:
 0.106542	0.000533	0.788414	0.585983	0.021308	0.234393	
0.138505	0.564675	0.031963	0.351590	0.042617	0.031963	
0.585983	0.703180	0.000533	0.468787	0.585983	0.000533	
0.926919	0.000533	0.607292	0.585983	0.063925	0.522058	
0.138505	0.000533	0.000533	0.223739	0.000533	6.019648	
0.266356	0.000533	0.021308	0.000533	0.031963	0.308973	

The W matrix:
 0.000000	0.809911	3.590868	
0.000000	1.497830	0.740658	
29.697962	1.865008	2.535862	
0.754335	7.156252	2.336455	
11.801662	0.000000	1.406254	
0.602107	2.047249	0.000000	

The H matrix:
 0.011770	0.000000	0.094371	0.000000	0.018918	0.502506	
0.126822	0.377022	0.000008	0.035023	0.006544	0.000000	
0.000000	0.000000	0.217289	0.159106	0.004685	0.063458	

